<<<<<<< HEAD
10,249
10,201
10,293
10,221
10,27
10,273
10,187
10,9
11,5
11,19
11,21
8,4
8,18
8,13
8,5
8,16
8,10
36,4
36,3
36,2
36,1
36,0
35,5
35,4
35,3
35,2
35,1
35,0
24,3
24,2
24,1
24,0
20,3
20,2
20,1
19,3
19,2
19,1
18,3
18,1
14,3
14,1
12,3
13,1
12,2
13,3
12,1
11,29
11,27
11,25
11,17
11,13
11,11
11,3
11,2
11,1
10,301
10,233
10,203
10,197
10,196
10,195
10,192
10,121
10,93
10,65
10,8
10,3
10,2
10,1
9,7
9,5
9,3
9,2
9,1
8,15
8,14
8,12
8,9
8,8
8,7
8,6
8,3
8,2
8,1
3,3
3,2
3,1
=======
0,502
0,501
0,500
0,499
0,498
0,497
0,496
0,495
0,494
61,5
0,493
0,492
0,491
61,4
0,490
61,3
61,2
0,489
61,1
61,0
60,4
0,488
0,487
0,486
60,3
60,2
0,485
60,1
60,0
59,3
59,2
59,1
59,0
58,3
58,2
58,1
58,0
57,4
57,3
57,2
57,1
57,0
56,3
56,2
56,1
56,0
55,5
55,4
55,3
55,2
55,1
55,0
54,4
54,3
54,2
54,1
54,0
0,484
0,483
0,482
0,481
0,480
0,479
0,478
53,3
53,2
53,1
53,0
0,477
0,476
52,3
52,2
0,475
52,1
52,0
0,474
0,473
0,472
51,4
51,3
51,2
51,1
51,0
0,471
0,243
50,3
50,2
0,470
50,1
50,0
0,469
0,468
0,467
0,466
0,465
0,464
0,463
0,462
49,5
0,461
0,460
49,4
0,459
49,3
49,2
49,1
49,0
48,4
48,3
48,2
48,1
48,0
0,458
0,457
47,3
47,2
47,1
47,0
46,3
46,2
46,1
46,0
45,4
45,3
45,2
45,1
45,0
44,3
>>>>>>> 084031861df7e6785478cd4f79bacec29f372877
